60
 38
 22
 32
 19
 31
 86
 13
 65
  5
 26
 51
 14
 82
 48
 87
 53
 40
 94
  6
 97
 17
 84
 34
 11
 12
 43
 79
 44
 36
 54
 16
 71
 76
 28
 89
 42
 67
  2
 33
 73
 18
 15
 95
 61
 66
 47
 69
 46
 88
 72
 24
 50
 64
 90
 39
  3
 99
 10
 63
 21
 78
 30
 93
 58
 98
  4
 83
 49
 29
 59
 52
  9
100
 55
  1
 41
 27
 25
 56
 91
 20
 77
 70
 81
 75
 23
 80
 96
 85
 57
 68
 62
 35
 45
  8
 37
  7
 92
 74
 94
 21
 55
 22
 76
 20
 42
 64
 12
 47
 10
  1
  3
 69
 66
 90
 29
 18
 46
 84
  9
 88
 98
 62
 37
 39
 60
 50
 34
 67
 78
 72
 53
 33
 49
 93
 52
 30
 17
  6
 65
 40
 82
 89
 95
 91
 61
 75
  4
 15
 79
 36
 56
 38
 48
 41
 87
 86
 74
 11
 14
 45
 26
 59
  7
 83
 57
 81
 68
 70
  2
 77
 32
  8
 23
 44
 24
 28
 27
 13
 16
 73
 19
 71
  5
 58
 43
 51
 85
 92
 99
 97
 80
 35
 54
100
 96
 63
 31
 25